	
Pascals(in/Hg),Altitude(ft),Temperature(*C),Time(s)
28.08,1801.33,21.50,0
28.09,1803.59,21.50,1
28.10,1809.12,21.44,2
28.09,1812.20,21.38,3
28.09,1807.07,21.44,4
28.09,1819.78,21.25,5
28.08,1821.63,21.12,5
28.08,1825.52,20.94,6
28.07,1824.70,20.81,7
28.08,1822.45,20.75,8
28.08,1825.32,20.62,9
28.08,1824.50,20.56,9
28.08,1822.24,20.56,10
28.08,1822.86,20.62,11
28.08,1823.06,20.56,12
28.08,1823.88,20.50,13
28.08,1823.68,20.44,14
28.08,1820.19,20.44,14
28.08,1819.78,20.38,15
28.08,1823.47,20.25,16
28.08,1822.04,20.25,17
28.08,1822.86,20.19,18
28.08,1822.86,20.12,19
28.08,1822.65,20.12,19
28.08,1823.47,20.06,20
28.08,1822.65,20.06,21
28.08,1820.81,20.00,22
28.08,1820.40,20.00,23
28.08,1818.96,20.06,24
28.09,1813.63,20.12,24
28.10,1810.35,20.06,25
28.09,1815.07,20.06,26
28.09,1813.43,20.00,27
28.09,1814.25,19.94,28
28.09,1817.94,19.88,28
28.09,1810.76,20.00,29
28.09,1813.63,20.00,30
28.09,1811.38,19.94,31
28.09,1803.79,19.88,32
28.11,1794.16,20.00,33
28.11,1802.97,20.19,33
28.10,1802.77,20.19,34
28.10,1805.43,20.06,35
28.09,1808.92,20.00,36
28.09,1809.94,19.94,37
28.09,1809.53,19.94,38
28.09,1812.20,19.88,38
28.09,1813.63,19.81,39
28.09,1812.81,19.75,40
28.09,1811.99,19.75,41
28.09,1813.84,19.75,42
28.09,1812.81,19.75,43
28.09,1814.66,19.69,43
28.09,1815.89,19.62,44
28.09,1814.86,19.62,45
28.09,1810.76,19.56,46
28.10,1810.76,19.56,47
28.09,1813.22,19.50,48
28.09,1812.20,19.50,48
28.09,1810.97,19.56,49
28.09,1809.74,19.56,50
28.09,1810.76,19.56,51
28.09,1807.89,19.62,52
28.10,1806.87,19.62,52
28.10,1805.23,19.69,53
28.10,1805.84,19.69,54
28.09,1808.71,19.69,55
28.09,1807.69,19.69,56
28.09,1809.74,19.69,57
28.09,1808.71,19.69,57
28.09,1810.15,19.62,58
28.09,1808.10,19.62,59
28.10,1807.69,19.56,60
28.10,1807.48,19.50,61
28.10,1805.84,19.50,62
28.09,1804.41,19.50,62
28.10,1805.23,19.44,63
28.10,1805.64,19.44,64
28.10,1804.00,19.44,65
28.10,1806.25,19.38,66
28.10,1805.84,19.38,67
28.10,1790.47,19.38,67
28.11,1800.51,19.50,68
28.10,1806.87,19.44,69
28.09,1811.38,19.38,70
28.09,1810.76,19.38,71
28.09,1811.58,19.31,72
28.09,1813.84,19.31,72
28.09,1816.09,19.25,73
28.09,1811.17,19.25,74
28.10,1813.63,19.31,75
28.09,1817.53,19.56,76
28.08,1827.16,19.75,76
28.08,1825.32,19.94,77
28.07,1825.32,20.06,78
28.09,1813.43,20.19,79
28.09,1811.38,20.31,80
28.09,1814.86,20.38,81
28.09,1805.23,20.31,81
28.10,1799.49,20.38,82
28.10,1800.31,20.56,83
28.09,1819.38,20.69,84
28.08,1817.53,20.62,85
28.08,1813.43,20.62,86
28.09,1822.04,20.56,86
28.08,1822.04,20.62,87
28.08,1815.07,20.62,88
28.09,1809.74,20.62,89
28.09,1813.02,20.56,90
28.09,1815.07,20.50,91
28.09,1814.86,20.50,91
28.09,1814.86,20.50,92
28.09,1816.91,20.56,93
28.09,1801.33,20.62,94
28.10,1808.10,20.62,95
28.09,1809.33,20.56,95
28.09,1810.35,20.56,96
28.09,1815.68,20.56,97
28.09,1814.04,20.56,98
28.09,1815.68,20.50,99
28.08,1818.35,20.44,100
28.09,1817.53,20.38,100
28.10,1805.64,20.44,101
28.09,1812.61,20.62,102
28.09,1813.84,20.81,103
28.09,1815.48,20.94,104
28.08,1807.28,21.06,105
28.09,1807.48,21.12,105
28.09,1807.69,21.00,106
28.09,1810.76,20.88,107
28.09,1810.56,20.81,108
28.09,1809.74,20.81,109
28.09,1810.35,20.75,110
28.09,1808.92,20.69,110
28.09,1809.94,20.69,111
28.09,1812.40,20.69,112
28.09,1811.99,20.62,113
28.09,1811.58,20.62,114
28.09,1813.22,20.56,115
28.09,1821.63,20.56,115
28.09,1810.56,20.56,116
28.09,1811.58,20.56,117
28.09,1811.38,20.56,118
28.09,1813.84,20.50,119
28.09,1813.22,20.50,119
28.09,1814.25,20.50,120
28.09,1814.66,20.44,121
28.09,1813.63,20.44,122
28.09,1816.09,20.44,123
28.09,1814.45,20.44,124
28.09,1812.20,20.44,124
28.09,1814.66,20.44,125
28.09,1815.27,20.38,126
28.09,1815.89,20.38,127
	
Pascals(in/Hg),Altitude(ft),Temperature(*C),Time(s)
28.09,1812.61,21.19,0
28.08,1819.17,21.19,1
28.09,1813.43,21.12,2
28.09,1816.30,21.19,3
28.09,1817.32,21.19,4
28.09,1822.45,21.19,5
28.08,1819.17,21.19,5
28.08,1821.22,21.06,6
28.08,1819.99,21.00,7
28.08,1820.40,21.00,8
28.08,1819.78,21.00,9
28.08,1818.35,21.00,9
28.09,1817.53,21.00,10
28.08,1818.96,21.00,11
28.08,1820.81,20.88,12
28.08,1811.79,21.00,13
28.09,1816.09,21.12,14
28.09,1814.25,21.19,14
28.10,1805.84,21.25,15
28.10,1799.90,21.31,16
28.10,1800.92,21.38,17
28.11,1801.74,21.50,18
28.10,1796.82,21.56,19
28.10,1803.38,21.62,19
28.10,1800.10,21.75,20
28.10,1803.38,21.81,21
28.10,1804.61,21.88,22
28.10,1816.91,22.00,23
28.08,1822.45,22.12,24
28.08,1816.30,22.19,24
28.08,1824.50,22.19,25
28.08,1823.06,22.19,26
28.07,1825.52,22.00,27
28.10,1813.02,22.00,28
28.09,1822.65,22.06,29
28.08,1813.02,22.25,29
28.09,1814.25,22.38,30
28.09,1811.99,22.44,31
28.09,1816.09,22.44,32
28.08,1824.50,22.38,33
28.08,1825.32,22.25,33
28.08,1818.35,22.25,34
28.09,1814.86,22.12,35
28.08,1825.32,22.12,36
28.08,1824.91,22.06,37
28.08,1828.19,21.94,38
28.07,1828.39,21.69,38
28.08,1827.37,21.56,39
28.08,1825.11,21.50,40
28.08,1822.45,21.50,41
28.08,1822.04,21.44,42
28.08,1821.42,21.38,43
28.08,1822.86,21.31,43
28.08,1822.86,21.25,44
28.08,1822.45,21.12,45
28.08,1823.47,21.06,46
28.08,1826.14,21.00,47
28.08,1825.52,21.00,48
28.08,1823.06,21.06,48
28.08,1824.50,21.00,49
28.08,1825.73,20.88,50
28.07,1827.98,20.75,51
28.07,1826.34,20.75,52
28.08,1827.37,20.62,52
28.07,1828.80,20.56,53
28.07,1828.60,20.50,54
28.08,1824.09,20.56,55
28.08,1823.88,20.62,56
28.08,1822.65,20.69,57
28.08,1820.81,20.75,57
28.09,1805.43,20.75,58
28.10,1805.02,20.88,59
28.10,1807.69,20.94,60
28.10,1808.30,21.00,61
28.09,1815.68,21.06,62
28.08,1820.60,21.06,62
28.08,1822.45,21.06,63
28.08,1827.78,20.81,64
28.07,1839.46,20.12,65
28.07,1832.90,19.50,66
28.07,1829.42,19.44,67
28.07,1827.37,19.50,67
28.07,1829.62,19.56,68
28.08,1824.29,19.62,69
28.08,1826.55,19.62,70
28.07,1831.06,19.06,71
28.07,1835.16,18.50,72
28.06,1841.72,18.00,72
28.06,1839.88,17.62,73
28.06,1843.97,17.31,74
28.05,1853.20,17.00,75
28.04,1861.19,16.81,76
28.04,1862.83,16.69,76
28.04,1866.11,16.50,77
28.03,1875.54,16.38,78
28.04,1849.92,16.38,79
28.04,1873.70,16.38,80
28.02,1882.92,16.38,81
28.03,1869.39,16.19,81
28.03,1866.32,16.00,82
28.04,1865.91,15.81,83
28.04,1864.06,15.62,84
28.03,1866.11,15.56,85
28.04,1871.03,15.56,86
28.03,1855.66,15.62,86
28.05,1844.18,15.75,87
28.05,1852.38,15.81,88
28.04,1857.30,15.81,89
28.04,1878.21,15.81,90
28.01,1873.90,15.81,91
28.03,1870.01,15.62,91
28.03,1870.01,15.50,92
28.03,1873.29,15.38,93
28.03,1869.80,15.25,94
28.04,1860.78,15.19,95
28.04,1865.70,15.12,96
28.03,1877.80,15.12,96
28.02,1882.31,15.12,97
28.01,1897.27,15.25,98
28.01,1883.74,15.19,99
28.03,1849.51,15.06,100
28.05,1856.07,15.25,100
28.02,1896.25,15.31,101
28.02,1883.33,15.25,102
28.02,1885.18,15.12,103
28.01,1891.53,15.00,104
28.00,1898.71,14.94,105
27.99,1907.73,14.94,105
27.99,1914.29,15.00,106
27.99,1899.94,15.06,107
28.00,1895.02,15.12,108
28.00,1905.47,15.06,109
28.00,1878.82,15.19,110
28.02,1891.53,15.25,110
28.00,1898.50,15.38,111
28.01,1880.46,15.25,112
28.02,1879.23,15.19,113
28.02,1875.95,15.06,114
28.02,1875.54,15.00,115
28.03,1864.47,14.94,115
28.04,1860.38,14.88,116
28.04,1856.07,14.88,117
28.04,1858.73,14.88,118
28.04,1862.42,14.88,119
28.04,1865.91,15.00,119
28.03,1870.62,14.94,120
28.03,1874.72,14.88,121
28.03,1870.83,14.81,122
28.03,1872.47,14.88,123
28.03,1870.01,14.81,124
28.03,1872.26,14.75,124
28.03,1870.01,14.69,125
28.03,1871.44,14.75,126
28.03,1877.59,14.81,127
28.02,1872.26,14.88,128
28.05,1855.45,15.06,129
28.05,1858.53,15.12,129
28.03,1869.19,15.19,130
28.03,1869.60,15.19,131
28.03,1871.44,15.25,132
28.02,1873.90,15.31,133
28.04,1856.07,15.19,134
28.04,1860.17,15.06,134
28.04,1865.70,15.00,135
28.04,1865.70,15.00,136
28.04,1860.38,15.00,137
28.04,1858.32,14.94,138
28.04,1861.40,14.88,139
28.04,1864.06,14.88,139
28.04,1865.09,14.81,140
28.04,1865.91,14.81,141
28.04,1864.88,14.81,142
28.04,1865.91,14.88,143
28.04,1865.50,14.94,143
28.03,1869.39,15.06,144
28.03,1870.62,15.06,145
28.03,1873.29,15.00,146
28.03,1875.54,14.94,147
28.03,1871.44,14.88,148
28.03,1871.03,14.88,148
28.03,1877.39,14.81,149
28.02,1881.90,14.81,150
28.02,1881.69,14.75,151
28.02,1890.92,14.75,152
28.02,1878.41,14.81,153
28.02,1878.21,14.75,153
28.02,1893.38,14.75,154
28.00,1886.41,14.88,155
28.03,1868.37,15.00,156
28.04,1867.34,15.12,157
28.03,1861.40,15.19,158
28.02,1895.43,15.25,158
28.00,1899.12,15.38,159
28.02,1883.54,15.25,160
28.01,1882.92,15.12,161
28.02,1883.33,15.06,162
28.01,1888.25,15.00,163
28.01,1890.10,14.94,163
28.01,1903.22,14.94,164
28.00,1892.15,15.00,165
28.00,1896.25,14.88,166
28.00,1896.86,14.88,167
28.00,1898.91,14.88,167
28.00,1901.38,14.94,168
27.99,1911.01,15.00,169
27.99,1906.29,15.06,170
28.00,1906.09,15.19,171
27.99,1916.54,15.25,172
27.97,1936.43,15.31,172
27.96,1939.71,15.44,173
27.97,1920.64,15.38,174
27.98,1917.98,15.25,175
27.98,1919.82,15.19,176
27.98,1917.57,15.12,177
27.98,1936.02,15.06,177
27.96,1931.71,15.12,178
27.98,1913.67,15.06,179
27.99,1913.88,15.00,180
27.97,1944.63,14.88,181
27.94,1957.13,14.81,182
27.96,1917.36,14.81,182
28.01,1870.42,14.81,183
28.05,1845.61,14.81,184
28.05,1861.81,14.81,185
28.03,1879.23,14.81,186
28.01,1886.00,14.81,187
28.01,1879.03,14.88,187
28.03,1869.60,14.88,188
28.03,1866.52,14.94,189
28.03,1870.01,14.94,190
28.03,1874.11,14.94,191
28.02,1882.31,15.00,192
28.02,1872.88,15.06,192
28.03,1888.05,15.12,193
28.02,1874.72,15.25,194
28.02,1877.80,15.19,195
28.02,1886.41,15.12,196
28.01,1880.05,15.12,197
28.02,1879.23,15.00,197
28.03,1871.44,15.00,198
28.03,1869.39,15.00,199
28.03,1864.06,15.00,200
28.04,1862.83,15.00,201
28.04,1863.24,15.00,201
28.04,1860.58,15.00,202
28.04,1858.32,15.00,203
28.04,1859.35,15.00,204
28.05,1845.00,15.06,205
28.07,1836.59,15.19,206
28.08,1829.21,15.25,206
28.07,1841.51,15.38,207
28.06,1829.62,15.50,208
28.07,1831.88,15.69,209
28.06,1834.75,15.75,210
28.07,1836.18,15.75,211
28.05,1853.81,15.75,211
28.04,1856.68,15.81,212
28.04,1857.71,15.75,213
28.04,1861.40,15.69,214
28.04,1857.30,15.62,215
28.05,1857.71,15.56,216
28.05,1851.76,15.50,216
28.04,1864.27,15.44,217
28.03,1871.03,15.38,218
28.03,1868.57,15.44,219
28.04,1859.55,15.38,220
28.05,1844.38,15.38,221
28.06,1843.97,15.38,221
28.06,1846.43,15.31,222
28.06,1842.33,15.31,223
28.06,1844.18,15.31,224
28.06,1842.95,15.25,225
28.06,1844.38,15.25,225
28.06,1847.25,15.19,226
28.06,1848.07,15.19,227
28.06,1842.33,15.25,228
28.07,1829.01,15.31,229
28.08,1831.67,15.38,230
28.07,1828.80,15.44,230
28.08,1825.73,15.44,231
28.08,1813.43,15.62,232
28.08,1825.11,15.81,233
28.08,1820.40,15.94,234
28.08,1817.94,15.94,235
28.08,1820.40,15.88,235
28.08,1819.38,15.94,236
28.08,1820.19,15.94,237
28.08,1820.40,15.94,238
28.08,1820.60,15.94,239
28.08,1820.60,15.94,240
28.08,1821.83,15.94,240
28.08,1822.04,15.94,241
28.08,1822.65,15.94,242
28.08,1823.27,15.94,243
28.08,1822.65,15.94,244
28.08,1822.04,16.00,245
28.08,1821.63,16.00,245
28.08,1821.01,16.00,246
28.08,1821.42,16.00,247
28.08,1821.63,16.00,248
28.08,1821.22,16.06,249
28.08,1820.40,16.06,249
28.08,1820.40,16.06,250
28.08,1821.22,16.06,251
28.08,1821.01,16.06,252
28.08,1820.40,16.12,253
28.08,1820.19,16.12,254
28.08,1818.96,16.19,254
28.08,1819.58,16.12,255
28.08,1819.78,16.19,256
28.08,1818.55,16.19,257
28.08,1818.76,16.19,258
28.08,1817.53,16.25,259
28.08,1818.35,16.25,259
28.09,1817.12,16.25,260
28.08,1818.35,16.25,261
28.08,1817.12,16.25,262
28.08,1818.14,16.25,263
28.08,1818.35,16.25,264
28.09,1817.32,16.31,264
28.09,1816.71,16.31,265
28.08,1816.91,16.31,266
28.08,1817.94,16.31,267
28.09,1816.71,16.38,268
28.09,1815.48,16.38,269
28.09,1816.30,16.44,269
28.09,1814.86,16.44,270
28.09,1815.68,16.50,271
28.09,1814.86,16.50,272
28.09,1814.45,16.56,273
28.09,1814.66,16.56,274
28.09,1814.86,16.62,274
28.09,1814.86,16.62,275
28.09,1814.25,16.69,276
28.09,1812.61,16.69,277
28.09,1812.40,16.75,278
28.09,1812.40,16.75,278
28.09,1812.61,16.75,279
28.09,1812.81,16.81,280
28.09,1813.43,16.81,281
28.09,1812.20,16.81,282
28.09,1812.61,16.88,283
28.09,1813.43,16.88,283
28.09,1814.04,16.88,284
28.09,1813.43,16.94,285
28.08,1814.86,16.94,286
28.09,1815.48,17.12,287
28.08,1823.88,17.19,288
28.08,1823.47,17.19,288
28.08,1824.50,17.12,289
28.08,1826.34,17.12,290
28.07,1827.98,17.06,291
28.07,1829.01,17.06,292
28.07,1827.98,17.06,293
28.08,1826.96,17.12,293
28.07,1827.98,17.12,294
28.08,1826.96,17.12,295
28.08,1824.70,17.12,296
28.08,1822.65,17.12,297
28.08,1822.45,17.12,298
28.08,1822.86,17.12,298
28.08,1822.65,17.12,299
28.08,1823.68,17.06,300
28.08,1822.04,17.12,301
28.08,1824.91,17.06,302
28.08,1824.91,17.06,303
28.08,1826.55,17.00,303
28.07,1826.14,16.94,304
28.08,1824.91,17.00,305
28.08,1824.91,17.00,306
28.08,1826.34,17.00,307
28.08,1827.37,16.94,307
28.07,1826.55,16.75,308
28.07,1826.55,16.69,309
28.08,1823.27,16.56,310
28.08,1822.86,16.56,311
28.08,1829.01,16.44,312
28.07,1832.90,16.25,312
28.06,1839.26,16.06,313
28.06,1846.02,15.94,314
28.05,1852.99,15.81,315
28.05,1856.68,15.75,316
28.04,1865.91,15.69,317
28.03,1869.19,15.62,317
28.03,1884.36,15.62,318
28.01,1872.26,15.62,319
28.05,1865.50,15.69,320
28.04,1845.41,15.81,321
28.07,1833.52,15.81,322
28.07,1822.86,15.94,322
28.07,1825.52,16.00,323
28.08,1828.60,16.06,324
28.07,1835.77,16.00,325
28.06,1841.72,16.00,326
28.06,1849.30,15.88,327
28.05,1849.10,15.75,327
28.06,1844.79,15.69,328
28.05,1860.38,15.56,329
28.04,1867.96,15.56,330
28.03,1878.21,15.50,331
28.02,1889.28,15.50,331
28.01,1890.10,15.38,332
28.00,1900.96,15.31,333
27.99,1914.49,15.25,334
27.99,1903.22,15.25,335
28.00,1906.50,15.31,336
28.03,1863.24,15.44,336
28.04,1851.97,15.56,337
28.06,1842.33,15.62,338
28.06,1840.49,15.69,339
28.08,1811.99,15.81,340
28.09,1819.99,15.94,341
28.08,1827.57,15.88,341
28.07,1829.01,15.75,342
28.07,1829.01,15.69,343
28.07,1836.18,15.56,344
28.06,1844.38,15.56,345
28.05,1849.71,15.50,346
28.05,1858.32,15.44,346
28.04,1862.83,15.31,347
28.04,1866.73,15.25,348
28.03,1868.98,15.19,349
28.03,1876.36,15.12,350
28.02,1878.21,15.12,351
28.02,1877.59,15.06,351
28.02,1876.77,15.06,352
28.02,1878.82,15.00,353
28.02,1879.03,15.06,354
28.02,1879.23,15.06,355
28.01,1877.80,15.25,355
28.05,1856.27,15.38,356
28.05,1841.72,15.50,357
28.07,1837.41,15.62,358
28.06,1839.46,15.62,359
28.07,1831.88,15.56,360
28.06,1835.16,15.62,360
28.07,1825.32,15.75,361
28.07,1834.13,15.75,362
28.07,1836.18,15.62,363
28.07,1840.49,15.62,364
28.06,1848.28,15.56,365
28.04,1856.07,15.44,365
28.04,1859.14,15.31,366
28.05,1854.84,15.25,367
28.04,1858.53,15.25,368
28.04,1861.40,15.19,369
28.04,1854.63,15.12,370
28.05,1860.38,15.12,370
28.04,1868.57,15.12,371
28.04,1866.93,15.19,372
28.03,1872.67,15.12,373
28.03,1867.34,15.06,374
28.03,1868.37,15.06,375
28.03,1872.67,15.06,375
28.03,1877.39,15.12,376
28.02,1881.49,15.19,377
28.02,1866.32,15.31,378
28.06,1843.77,15.44,379
28.04,1847.46,15.56,380
28.05,1841.10,15.56,380
28.07,1830.24,15.62,381
28.07,1822.04,15.62,382
28.09,1830.24,15.75,383
28.09,1811.79,16.00,384
28.09,1810.97,16.25,384
28.09,1810.15,16.44,385
28.09,1809.94,16.62,386
28.09,1808.10,16.81,387
28.10,1808.10,16.94,388
28.10,1809.53,17.12,389
28.10,1809.53,17.25,389
28.09,1807.48,17.44,390
28.10,1807.89,17.62,391
28.10,1807.69,17.75,392
28.10,1804.82,17.94,393
28.10,1803.38,18.12,394
28.10,1801.33,18.25,394
28.10,1801.54,18.44,395
28.10,1803.18,18.50,396
28.10,1803.59,18.62,397
28.10,1802.15,18.81,398
28.10,1803.79,18.94,399
28.10,1804.41,19.06,399
28.10,1805.23,19.19,400
28.10,1806.05,19.31,401
28.10,1805.23,19.50,402
28.10,1807.07,19.62,403
28.10,1807.69,19.75,404
28.10,1807.89,19.81,404
28.10,1806.05,19.94,405
28.10,1805.43,20.06,406
28.10,1803.18,20.25,407
28.10,1803.18,20.38,408
28.10,1804.00,20.50,408
28.10,1805.23,20.56,409
28.10,1805.23,20.69,410
28.10,1804.82,20.81,411
28.10,1805.43,20.94,412
28.10,1805.64,21.06,413
28.10,1803.59,21.19,413
28.10,1805.23,21.25,414
28.10,1803.59,21.38,415
28.10,1806.87,21.50,416
28.08,1811.79,21.56,417
28.10,1814.25,21.44,418
28.10,1808.10,21.56,418
28.09,1815.68,21.44,419
28.08,1805.64,21.38,420
28.10,1806.66,21.38,421
28.08,1813.02,21.44,422
28.10,1799.08,21.38,423
28.10,1809.12,21.44,423
28.09,1807.07,21.56,424
28.09,1815.89,21.69,425
28.09,1815.27,21.69,426
28.09,1811.17,21.50,427
28.09,1808.10,21.44,428
28.09,1821.42,21.25,428
28.08,1815.48,21.25,429
