	
Pascals(in/Hg),Altitude(ft),Temperature(*C),Time(s)
28.26,1647.38,23.69,0
28.26,1646.15,23.75,1
28.26,1644.71,23.69,2
28.26,1642.66,23.75,3
28.26,1644.10,23.75,4
28.26,1645.12,23.75,5
28.26,1645.33,23.75,5
28.26,1644.71,23.75,6
28.26,1645.53,23.75,7
28.26,1645.12,23.75,8
28.26,1643.28,23.75,9
28.27,1641.84,23.69,10
28.27,1641.02,23.75,10
28.26,1642.46,23.69,11
28.27,1640.41,23.69,12
28.27,1638.56,23.69,13
28.27,1636.51,23.69,14
28.27,1638.97,23.62,15
28.27,1637.95,23.62,15
28.27,1638.36,23.62,16
28.27,1641.64,23.56,17
28.27,1640.20,23.56,18
28.27,1639.18,23.56,19
28.27,1640.41,23.50,20
28.27,1640.20,23.50,20
28.27,1640.00,23.50,21
28.27,1640.00,23.50,22
28.27,1638.77,23.50,23
28.27,1638.97,23.50,24
28.27,1638.36,23.50,24
28.27,1638.56,23.44,25
28.27,1638.56,23.44,26
28.27,1637.95,23.44,27
28.27,1638.56,23.44,28
28.27,1639.59,23.44,29
28.27,1638.97,23.38,29
28.27,1640.41,23.38,30
28.27,1639.38,23.38,31
28.27,1639.59,23.31,32
28.27,1640.00,23.31,33
28.27,1638.97,23.31,34
28.27,1640.62,23.25,34
28.27,1642.66,23.25,35
28.27,1637.74,23.25,36
28.27,1640.41,23.25,37
28.27,1638.56,23.25,38
28.27,1638.97,23.25,39
28.27,1637.33,23.25,39
28.27,1637.13,23.25,40
28.27,1638.97,23.19,41
28.27,1638.56,23.12,42
28.27,1639.59,23.12,43
28.27,1638.77,23.12,43
28.27,1637.95,23.12,44
28.27,1638.97,23.06,45
28.27,1639.79,23.06,46
28.27,1640.00,23.00,47
28.27,1640.62,23.00,48
28.27,1640.62,23.00,48
28.27,1641.02,22.94,49
28.27,1641.64,22.94,50
28.27,1639.38,22.94,51
28.27,1640.20,22.94,52
28.27,1639.18,22.94,53
28.27,1641.02,22.94,53
28.27,1640.62,22.94,54
28.27,1640.62,22.94,55
28.27,1640.62,22.94,56
28.27,1642.46,22.88,57
28.27,1641.23,22.88,58
28.26,1642.46,22.88,58
28.27,1642.25,22.88,59
28.27,1639.59,22.94,60
28.27,1639.79,22.88,61
28.27,1641.64,22.88,62
28.27,1642.46,22.75,63
28.26,1642.25,22.69,63
28.27,1641.64,22.69,64
28.27,1638.56,22.62,65
28.27,1639.18,22.56,66
28.27,1641.64,22.56,67
28.27,1641.02,22.56,68
28.27,1644.10,22.50,68
28.27,1641.23,22.50,69
28.27,1640.62,22.50,70
28.27,1640.20,22.50,71
28.27,1640.00,22.44,72
28.27,1640.41,22.44,73
28.27,1640.20,22.38,73
28.27,1640.62,22.38,74
28.27,1640.82,22.31,75
28.27,1639.59,22.25,76
28.27,1637.13,22.25,77
28.27,1637.33,22.12,77
28.27,1635.90,22.06,78
28.27,1636.92,22.00,79
28.27,1638.97,22.00,80
28.27,1638.15,21.94,81
28.27,1637.95,21.94,82
28.27,1637.13,21.94,82
28.27,1637.95,21.94,83
28.27,1638.97,21.88,84
28.27,1636.51,21.94,85
28.27,1641.43,21.88,86
28.27,1640.20,21.88,87
28.27,1637.95,21.88,87
28.27,1638.97,21.88,88
28.27,1637.13,21.88,89
28.27,1640.20,21.81,90
28.27,1638.97,21.81,91
28.27,1640.00,21.75,92
28.27,1640.20,21.69,92
28.27,1640.20,21.69,93
28.27,1638.77,21.69,94
28.27,1640.00,21.62,95
28.27,1640.00,21.62,96
28.27,1640.20,21.56,97
28.27,1638.56,21.56,97
28.27,1637.95,21.56,98
28.27,1637.54,21.56,99
28.27,1640.20,21.56,100
28.27,1637.13,21.56,101
	
Pascals(in/Hg),Altitude(ft),Temperature(*C),Time(s)
28.25,1652.71,22.00,0
28.26,1652.71,22.00,1
28.26,1649.43,22.06,2
28.26,1650.87,22.00,3
28.26,1654.76,22.12,4
28.25,1656.19,22.06,5
28.25,1654.55,22.06,5
28.25,1656.19,22.06,6
28.25,1660.09,22.00,7
28.24,1672.80,21.94,8
28.23,1674.85,21.81,9
28.23,1685.71,21.75,9
28.21,1699.24,21.69,10
28.20,1706.42,21.62,11
28.19,1716.67,21.56,12
28.18,1728.35,21.56,13
28.16,1742.50,21.44,14
28.17,1735.73,21.38,14
28.16,1745.57,21.25,15
28.15,1751.93,21.12,16
28.15,1736.14,21.06,17
28.17,1739.42,21.12,18
28.15,1757.05,21.19,19
28.14,1771.61,21.19,19
28.13,1777.14,21.12,20
28.12,1783.70,21.00,21
28.12,1783.70,20.81,22
28.12,1777.14,20.69,23
28.13,1774.27,20.56,24
28.13,1774.68,20.44,24
28.13,1776.94,20.31,25
28.13,1779.19,20.25,26
28.12,1783.09,20.12,27
28.12,1781.45,20.06,28
28.13,1775.50,20.00,28
28.13,1775.09,19.94,29
28.13,1774.68,19.88,30
28.12,1782.27,19.81,31
28.12,1788.62,19.75,32
28.11,1790.88,19.75,33
28.11,1789.85,19.69,33
28.11,1799.08,19.62,34
28.10,1810.15,19.56,35
28.09,1813.63,19.56,36
28.09,1812.61,19.50,37
28.09,1811.58,19.50,38
28.09,1815.89,19.50,38
28.08,1824.29,19.38,39
28.08,1825.52,19.38,40
28.08,1820.81,19.31,41
28.08,1817.53,19.25,42
28.09,1813.84,19.25,43
28.09,1811.79,19.19,43
28.09,1810.76,19.19,44
28.09,1812.61,19.12,45
28.09,1812.20,19.06,46
28.09,1810.76,19.06,47
28.09,1809.12,19.06,48
28.09,1805.84,19.00,48
28.11,1774.89,19.06,49
28.14,1763.61,19.25,50
28.14,1770.58,19.31,51
28.13,1767.92,19.25,52
28.14,1762.79,19.19,52
28.15,1753.77,19.12,53
28.16,1744.96,19.12,54
28.16,1737.38,19.06,55
28.17,1735.32,19.00,56
28.17,1729.38,19.00,57
28.18,1717.28,19.06,57
28.19,1705.60,19.00,58
28.21,1691.25,19.00,59
28.22,1686.53,19.00,60
28.22,1691.25,19.00,61
28.22,1681.20,19.06,62
28.22,1683.05,19.06,62
28.21,1697.81,19.06,63
28.20,1709.08,19.00,64
28.19,1716.26,19.00,65
28.19,1723.43,19.00,66
28.17,1732.04,19.06,67
28.17,1736.76,19.06,67
28.16,1742.50,19.06,68
28.16,1747.83,19.06,69
28.16,1748.03,19.06,70
28.15,1751.31,19.06,71
28.15,1759.72,19.06,72
28.14,1757.67,19.00,72
28.14,1766.28,19.00,73
28.13,1772.84,19.00,74
28.13,1769.76,18.94,75
28.13,1772.63,19.00,76
28.13,1773.86,18.94,76
28.13,1770.99,18.94,77
28.13,1773.45,18.94,78
28.13,1773.45,18.94,79
28.14,1769.56,19.06,80
28.13,1775.09,19.19,81
28.13,1784.11,19.31,81
28.11,1801.33,19.44,82
28.10,1796.21,19.56,83
28.11,1798.05,19.56,84
28.11,1795.80,19.44,85
28.11,1788.83,19.38,86
28.12,1777.35,19.38,86
28.13,1774.48,19.31,87
28.14,1758.28,19.31,88
28.15,1744.55,19.25,89
28.17,1729.58,19.25,90
28.19,1705.19,19.19,91
28.20,1700.47,19.19,91
28.20,1700.88,19.19,92
28.21,1696.58,19.19,93
28.21,1696.78,19.19,94
28.21,1693.30,19.19,95
28.22,1683.05,19.25,96
28.22,1698.01,19.25,96
28.20,1709.49,19.25,97
28.19,1723.84,19.19,98
28.18,1732.04,19.19,99
28.17,1735.32,19.19,100
28.17,1743.32,19.19,100
28.15,1757.88,19.19,101
28.14,1770.79,19.19,102
28.13,1778.78,19.19,103
28.12,1784.32,19.12,104
28.12,1787.19,19.12,105
28.12,1784.11,19.12,105
28.12,1787.60,19.12,106
28.11,1790.88,19.06,107
28.12,1785.14,19.06,108
28.12,1791.29,19.06,109
28.11,1796.21,19.00,110
28.10,1802.97,19.00,110
28.10,1807.07,19.00,111
28.10,1804.82,19.00,112
28.10,1809.74,19.00,113
28.08,1829.62,18.94,114
28.06,1841.72,18.94,115
28.06,1842.95,19.00,115
28.08,1807.89,19.06,116
28.09,1813.43,19.25,117
28.08,1820.60,19.31,118
28.08,1818.35,19.31,119
28.08,1822.04,19.38,119
28.08,1820.40,19.44,120
28.08,1825.32,19.44,121
28.07,1822.45,19.50,122
28.08,1818.55,19.44,123
28.08,1805.23,19.38,124
28.11,1783.50,19.31,124
28.12,1772.22,19.25,125
28.14,1762.18,19.31,126
28.14,1758.69,19.25,127
28.15,1759.10,19.25,128
28.15,1750.90,19.25,129
28.15,1745.78,19.25,129
28.16,1742.29,19.31,130
28.16,1735.94,19.25,131
28.17,1735.32,19.25,132
28.16,1749.88,19.25,133
28.15,1756.23,19.19,134
28.15,1762.38,19.19,134
28.14,1769.35,19.19,135
28.13,1773.04,19.19,136
28.13,1772.22,19.19,137
28.14,1767.51,19.19,138
28.13,1781.04,19.19,139
28.11,1795.80,19.19,139
28.10,1801.54,19.25,140
28.10,1801.33,19.19,141
28.10,1798.46,19.19,142
28.10,1804.00,19.19,143
28.09,1816.50,19.19,143
28.08,1830.65,19.12,144
28.07,1835.16,19.12,145
28.07,1823.27,19.12,146
28.08,1819.78,19.12,147
28.08,1824.29,19.12,148
28.08,1818.35,19.12,148
28.08,1816.09,19.12,149
28.10,1793.54,19.19,150
28.10,1810.15,19.50,151
28.08,1803.18,19.69,152
28.09,1815.89,19.81,153
28.09,1820.60,19.94,153
28.08,1809.74,19.94,154
28.10,1791.49,20.00,155
28.12,1782.88,20.06,156
28.12,1780.22,20.12,157
28.13,1772.63,20.19,158
28.13,1775.50,20.06,158
28.13,1772.22,19.94,159
28.13,1771.20,19.88,160
28.13,1769.97,19.81,161
28.14,1768.33,19.75,162
28.14,1764.02,19.69,163
28.14,1765.87,19.62,163
28.14,1767.92,19.56,164
28.14,1767.92,19.50,165
28.14,1767.51,19.50,166
28.13,1775.50,19.50,167
28.12,1783.09,19.50,167
28.12,1788.62,19.44,168
28.11,1796.62,19.38,169
28.10,1799.28,19.38,170
28.11,1797.23,19.38,171
28.10,1804.41,19.38,172
28.09,1811.17,19.38,172
28.09,1817.53,19.38,173
28.08,1820.40,19.38,174
28.08,1823.88,19.31,175
28.08,1825.32,19.25,176
28.08,1823.06,19.19,177
28.08,1824.70,19.19,177
28.07,1826.96,19.19,178
28.07,1829.21,19.12,179
28.07,1822.24,19.12,180
28.09,1813.02,19.12,181
28.09,1806.46,19.06,182
28.10,1799.28,19.06,182
28.10,1799.69,19.00,183
28.11,1796.62,19.00,184
28.11,1790.47,19.00,185
28.12,1780.63,19.00,186
28.12,1772.63,19.06,187
28.13,1774.48,19.12,187
28.13,1766.07,19.25,188
28.16,1736.96,19.25,189
28.16,1737.38,19.44,190
28.18,1727.94,19.50,191
28.17,1728.35,19.62,192
28.17,1731.02,19.75,192
28.18,1733.89,19.81,193
28.17,1735.73,19.75,194
28.17,1734.30,19.62,195
28.18,1722.20,19.62,196
28.19,1713.18,19.56,197
28.20,1708.06,19.50,197
28.20,1701.70,19.50,198
28.20,1705.60,19.44,199
28.20,1710.11,19.38,200
28.19,1717.28,19.44,201
28.18,1724.05,19.44,201
28.18,1722.20,19.44,202
28.18,1724.25,19.44,203
28.18,1727.12,19.44,204
28.18,1728.35,19.38,205
28.17,1736.35,19.38,206
28.17,1732.45,19.38,206
28.18,1725.89,19.31,207
28.18,1716.88,19.31,208
28.19,1710.11,19.31,209
28.20,1709.08,19.31,210
28.20,1703.14,19.31,211
28.21,1688.38,19.44,211
28.22,1685.30,19.56,212
28.23,1674.44,19.81,213
28.22,1673.21,19.94,214
28.23,1673.62,20.06,215
28.23,1678.13,20.12,216
28.24,1667.26,20.25,216
28.24,1650.25,20.38,217
28.25,1652.71,20.44,218
28.26,1645.53,20.56,219
28.27,1633.64,20.75,220
28.27,1637.54,20.69,221
28.27,1638.77,20.69,221
28.27,1637.33,20.75,222
28.27,1637.54,20.75,223
28.27,1636.10,20.81,224
28.27,1636.92,20.81,225
28.27,1635.49,20.88,226
28.27,1635.28,20.94,226
28.27,1635.69,20.94,227
28.27,1636.72,20.94,228
28.27,1634.67,21.00,229
28.27,1633.44,21.06,230
28.27,1634.26,21.06,231
28.27,1632.82,21.12,231
28.27,1631.18,21.12,232
28.28,1631.80,21.19,233
28.27,1630.37,21.25,234
28.28,1630.57,21.25,235
28.28,1631.59,21.31,236
28.28,1632.82,21.31,236
28.27,1634.88,21.31,237
28.27,1633.44,21.38,238
28.28,1632.00,21.44,239
28.28,1632.62,21.44,240
28.27,1631.39,21.50,241
28.28,1632.62,21.50,241
28.28,1632.21,21.56,242
28.28,1630.98,21.62,243
28.28,1630.98,21.62,244
28.28,1631.59,21.69,245
28.28,1630.57,21.75,245
28.28,1630.98,21.75,246
28.28,1633.64,21.75,247
28.28,1631.59,21.81,248
28.27,1632.82,21.81,249
28.27,1633.03,21.88,250
28.28,1631.59,21.94,250
28.28,1630.77,21.94,251
28.28,1631.39,22.00,252
28.27,1632.21,22.00,253
28.27,1633.64,22.00,254
28.28,1631.59,22.06,255
28.28,1629.75,22.12,255
28.28,1625.44,22.12,256
28.29,1622.98,22.12,257
28.28,1624.42,22.12,258
28.28,1623.60,22.12,259
28.28,1625.85,22.12,260
28.28,1628.93,22.19,260
28.28,1624.01,22.25,261
28.28,1626.26,22.19,262
28.28,1627.90,22.19,263
28.28,1626.88,22.19,264
28.28,1630.37,22.19,265
28.27,1636.72,22.19,265
28.27,1637.74,22.12,266
28.27,1636.10,22.06,267
28.28,1630.16,22.12,268
28.28,1627.70,22.12,269
28.28,1626.88,22.12,270
28.28,1627.49,22.12,270
28.28,1631.59,22.12,271
28.27,1636.51,22.12,272
28.26,1639.38,22.12,273
28.28,1632.62,22.06,274
28.28,1633.64,22.12,275
28.27,1638.97,22.12,275
28.27,1642.46,22.12,276
28.26,1642.66,22.12,277
28.26,1643.89,22.12,278
28.26,1640.20,22.19,279
28.27,1640.62,22.19,280
28.27,1641.23,22.19,280
28.27,1640.62,22.19,281
28.27,1640.82,22.19,282
28.27,1641.43,22.19,283
28.27,1641.02,22.19,284
28.27,1642.05,22.19,285
28.27,1642.46,22.19,285
28.26,1642.46,22.19,286
28.26,1645.53,22.19,287
28.26,1642.05,22.25,288
28.26,1642.25,22.25,289
28.27,1642.25,22.19,289
28.26,1642.87,22.19,290
28.27,1642.05,22.25,291
28.27,1640.82,22.25,292
28.27,1640.62,22.25,293
28.27,1641.64,22.25,294
28.26,1642.87,22.25,294
28.27,1643.48,22.25,295
28.26,1640.41,22.25,296
28.27,1642.05,22.25,297
28.27,1642.46,22.25,298
28.27,1641.02,22.25,299
28.27,1643.07,22.25,299
28.26,1643.28,22.19,300
28.26,1642.87,22.19,301
28.27,1642.66,22.19,302
28.26,1643.69,22.19,303
28.26,1644.51,22.12,304
28.26,1643.07,22.19,304
28.27,1640.62,22.19,305
28.27,1633.03,22.19,306
28.27,1631.80,22.19,307
28.27,1640.62,22.19,308
28.26,1640.00,22.31,309
28.27,1640.62,22.31,309
28.27,1639.18,22.31,310
28.27,1636.10,22.44,311
28.27,1636.92,22.69,312
